00
00
77
77
44
22
88
85
77
44
66
22
00
79
66
99
66
05
55
00
00
22
22
88
11
44
66
33
88
44
44
99
33
66
88
88
00
44
53
33
49
44
11
44
99
11
99
77
00
11
52
44
22
88
85
33
77
66
38
41
21
58
33
22
11
33
33
22
88
62
11
11
77
44
55
22
00
41
55
77
22
88
11
88
66
99
00
00
99
97
77
55
11
66
77
00
73
00
00
22
22
11
00
09
00
55
11
35
33
33
11
00
22
66
22
55
00
32
77
22
22
77
58
99
03
11
26
66
89
22
33
66
33
88
00
88
85
44
00
33
85
48
88
27
77
77
55
55
99
88
55
22
33
49
11
23
55
33
37
22
55
44
00
55
66
33
05
99
22
55
88
66
77
77
88
33
66
00
99
33
22
80
77
83
88
00
66
11
77
11
44
55
99
57
11
99
99
44
77
44
99
99
33
77
22
99
44
77
11
55
77
44
33
77
11
22
81
66
22
66
11
66
11
00
66
99
11
66
11
55
00
11
22
22
44
99
99
88
44
81
11
33
77
22
44
11
33
88
11
33
55
88
00
99
77
33
55
33
35
55
88
33
99
81
77
99
85
66
88
47
60
44
99
99
22
00
99
22
22
00
00
94
66
66
88
44
11
55
11
44
77
00
72
11
11
00
88
44
00
98
77
00
55
66
49
22
22
99
00
16
33
55
33
55
11
22
00
58
11
00
80
44
66
11
11
00
22
55
22
88
66
66
00
22
22
44
11
54
77
55
11
00
22
85
22
00
50
88
77
11
88
11
33
00
66
88
77
66
77
61
33
22
05
88
35
33
38
99
77
99
99
66
81
99
39
00
49
77
22
88
55
88
44
66
44
53
22
33
85
11
88
00
11
44
00
27
11
22
00
88
22
66
55
99
35
88
85
77
00
66
00
22
66
66
38
77
00
11
00
55
05
35
55
11
66
11
55
66
22
33
11
33
66
88
77
00
58
94
22
50
33
33
00
98
33
88
00
11
64
97
23
00
00
66
33
77
23
00
66
11
99
04
22
44
21
44
77
11
44
22
66
02
99
33
35
88
11
56
11
44
99
88
05
12
38
77
55
33
42
66
11
22
99
85
00
44
22
66
66
66
44
55
55
95
22
33
66
00
81
11
88
88
55
44
11
55
11
22
66
99
99
00
99
55
55
54
32
44
11
22
89
00
99
36
46
00
97
33
00
77
00
44
77
77
66
00
22
11
00
77
22
77
85
99
35
55
33
11
22
33
00
66
37
99
88
66
00
99
53
33
95
99
66
00
66
99
99
00
99
33
55
44
55
66
22
44
55
77
00
11
88
11
22
99
22
33
11
00
11
77
88
66
66
00
74
77
77
80
22
22
55
11
33
11
11
33
33
66
00
66
11
00
00
83
44
77
88
11
51
44
22
22
44
11
33
11
44
00
44
11
96
29
49
11
81
99
66
44
99
00
00
23
62
99
33
66
99
22
33
00
66
33
22
55
66
55
55
88
22
44
00
99
11
11
66
33
50
88
66
52
33
99
55
44
00
88
55
98
55
33
22
33
77
22
11
33
77
99
65
77
02
66
00
74
00
88
55
77
62
33
44
22
33
44
66
66
33
00
66
44
88
88
56
77
83
94
55
33
44
36
15
88
77
28
22
00
11
33
23
11
55
55
11
22
00
98
77
55
11
38
03
60
44
99
97
55
55
66
88
16
00
44
22
77
55
55
11
22
22
77
11
77
66
77
68
11
84
88
22
77
27
99
88
44
66
77
28
99
44
22
55
22
77
33
22
22
66
11
99
88
44
66
77
11
55
99
77
11
00
66
11
11
88
77
33
11
77
44
66
35
44
77
77
55
55
33
77
00
66
44
44
66
88
11
83
22
99
27
35
11
00
66
11
66
33
66
00
44
77
55
77
55
11
99
55
55
33
28
00
39
44
22
66
99
66
99
11
11
44
37
22
66
99
88
11
11
22
44
11
88
77
00
55
77
77
99
00
33
88
88
99
22
66
88
99
85
22
28
77
66
88
22
99
88
22
66
44
22
88
33
88
44
88
05
00
00
46
77
94
44
00
22
22
22
77
11
11
88
66
77
33
99
11
87
33
88
33
33
11
99
88
88
77
97
17
44
55
55
33
00
00
44
85
77
00
13
11
97
11
11
22
81
99
00
61
88
00
11
66
55
22
22
77
94
11
23
84
22
95
62
44
85
82
99
66
77
88
42
11
77
00
33
55
33
11
16
83
44
00
00
11
33
17
55
44
00
11
11
44
99
99
22
44
33
77
66
77
82
55
77
11
88
09
55
